0.74483
0.74483
0.9931
1.2414
1.2414
1.4897
1.7379
1.9862
2.2345
2.4828
2.731
2.9793
3.2276
3.4759
3.7241
3.9724
3.9724
3.9724
3.9724
3.9724
3.9724
3.9724
3.9724
3.9724
3.9724
3.9724
3.9724
3.9724
3.9724
3.9724
3.9724
4.2207
4.2207
4.2207
4.2207
4.469
4.469
4.469
4.469
4.469
4.7172
4.7172
4.7172
4.7172
4.7172
4.7172
4.9655
4.9655
4.9655
4.9655
4.9655
4.9655
4.9655
4.9655
4.9655
4.9655
4.9655
4.9655
4.9655
4.9655
5.2138
5.2138
5.2138
5.2138
5.4621
5.4621
5.7103
5.7103
5.9586
6.2069
0.97391
1.2174
1.2174
1.2174
1.4609
1.4609
1.4609
1.4609
1.4609
1.4609
1.4609
1.4609
1.4609
1.4609
1.4609
1.4609
4.6261
4.8696
5.113
5.3565
5.6
5.8435
6.087
6.3304
6.5739
6.8174
7.0609
7.3043
7.5478
7.7913
8.0348
1.4609
4.6261
8.0348
8.2783
1.4609
1.7043
4.3826
4.6261
8.2783
1.7043
4.3826
8.2783
8.5217
8.7652
9.0087
1.7043
1.9478
2.1913
2.4348
2.6783
2.9217
3.1652
3.4087
3.6522
3.8957
4.1391
4.3826
9.0087
9.2522
9.2522
9.4957
9.7391
9.9826
9.9826
10.226
10.226
10.47
10.47
10.47